INTTIME
66.237
37.130
10.716
77.125
119.129
77.637
23.932
155.489
46.603
85.486
26.475
100.977
71.378
82.953
150.810
74.363
30.733
49.255
177.375
43.389
70.876
150.679
58.684
141.733
57.919
7.257
145.207
14.890
4.777
17.698
284.466
74.639
12.407
46.308
83.396
11.593
38.303
63.037
115.104
57.730
109.339
47.203
211.178
89.644
200.872
19.190
88.855
84.203
130.145
211.240
13.587
25.646
38.383
190.752
36.032
219.183
9.176
56.837
211.198
298.520
65.917
19.619
259.861
91.075
249.436
133.340
257.230
125.743
256.385
73.051
4.670
163.382
22.519
288.146
209.740
15.910
153.772
24.679
54.612
63.369
12.111
4.302
99.407
310.409
71.427
329.333
41.689
25.442
7.995
29.084
4.626
354.772
105.530
31.078
38.791
2.954
31.873
54.291
14.497
37.843
83.857
16.422
255.424
129.465
17.126
172.110
62.274
17.378
50.389
207.032
10.012
75.793
36.297
39.052
14.082
26.026
156.318
101.899
59.846
258.261
126.448
64.591
187.130
8.959
73.295
86.734
31.675
185.598
38.038
43.343
20.229
140.065
134.157
83.662
20.173
52.907
133.856
148.289
67.795
12.809
139.455
80.335
23.653
105.527
255.427
78.007
133.055
36.421
32.456
17.886
5.399
3.945
12.830
111.000
211.277
450.913
289.669
309.989
196.979
27.051
8.708
33.891
53.104
3.239
80.670
10.793
110.012
30.720
73.496
367.611
57.387
104.147
146.487
8.142
29.140
282.480
58.572
32.377
58.393
16.731
90.823
17.518
190.741
17.791
416.324
20.740
86.404
202.820
86.653
229.996
267.534
17.703
11.934
84.932
118.188
163.349
78.396
120.624
58.128
93.302
428.507
93.393
143.466
198.095
11.062
180.341
32.193
10.304
217.790
41.097
115.925
40.760
72.543
83.114
4.700
49.822
13.411
41.411
140.421
5.016
41.905
110.749
21.051
168.444
35.364
319.770
60.081
17.748
46.975
1.862
62.287
82.760
303.903
128.369
80.707
99.902
74.943
127.421
11.746
174.832
127.193
49.539
214.099
27.165
64.273
37.720
16.911
513.517
73.076
88.494
128.943
74.316
30.594
113.434
141.824
10.104
36.496
32.673
148.659
2.718
31.977
41.891
77.496
72.648
40.049
61.444
48.324
